100
2 1
100 20
200 10
2 2
100 20
200 10
3 2
100 10
100 10
100 10
4 2
9 3
7 1
10 1
8 4
3 2
22968 409479
243474 38628
64232 146421
2 1
39036 784552
154071 198777
7 4
205739 494802
859776 105064
459666 80642
797748 109053
473351 893801
322842 103996
351835 517484
5 3
458822 39002
72737 246023
961992 18602
302030 59249
22921 780724
9 2
748354 789104
807024 3808
385445 863598
657814 83446
339500 713394
494643 103943
450541 974171
397687 503908
305558 873169
4 3
3230 352078
11521 37
3530 364314
3869 331965
10 6
7656 752913
193732 29754
158004 36482
185592 31059
142709 40392
62271 92568
27972 206074
307692 18734
40194 143412
303688 18981
3 2
22239 2885
250040 86
28641 2171
8 3
109833 545041
256710 233195
957586 62515
123990 482809
146011 409993
652058 91807
105100 569586
159109 376242
7 3
262192 546422
367131 332839
291373 531774
841316 361293
318673 41780
686266 414949
719037 584299
2 1
299836 25
23428 2998
7 5
22807 2354
24102 2406
236761 86
24142 2824
20962 2025
21310 2130
210288 19
8 5
889372 16254
414018 34916
96019 150552
370359 39032
84796 170478
313896 46053
19866 727668
28536 506583
7 5
95897 473664
629685 72136
260138 174611
104729 433719
287691 157888
155979 291212
805029 56424
4 3
577731 433640
355724 205660
640621 905592
773350 160131
2 2
178932 118818
23828 892242
10 4
797989 86892
346573 200070
374214 185292
101270 684693
966301 71757
886063 78255
209476 331011
124277 557938
970779 71426
652896 106202
9 5
449442 13156
492492 12006
37352 158301
11316 522522
174174 33948
236808 24969
895752 6601
348348 16974
18676 316602
9 2
365297 489610
132464 363677
676204 508128
74514 203276
704418 438259
241142 753580
463530 579117
22978 432454
699696 710118
6 4
937285 874211
848857 707326
996099 117413
376609 601334
784565 720809
892199 217760
7 2
27001 2828
25383 2034
22996 2630
265753 56
20905 2456
212938 89
26266 2506
6 3
19483 72
3586 315829
3233 380531
16208 7
3921 330418
3357 383882
10 3
63135 918688
55979 809963
664300 893031
4075 840968
917529 622702
504818 29435
387651 843392
157890 712754
677962 240866
702973 716331
3 1
144639 584849
104058 812931
87069 971551
4 1
14762 49
3807 338948
3633 355407
3519 305332
4 2
3672 389455
3489 321455
14784 83
3697 332929
8 5
26574 2773
297412 79
23210 2779
27931 2410
295250 13
26887 2069
28175 2080
23257 2938
9 2
400601 856075
480970 389725
498375 497783
1526 959390
632700 910652
456438 72604
266813 522307
355078 610270
855512 373425
9 5
89544 169119
121647 124488
183352 82593
22876 661986
752514 20124
150696 100491
121524 124614
115128 131537
617652 24518
4 2
52697 631237
34586 961785
481791 69043
107090 310620
8 6
150171 882106
897658 895266
600668 911309
597501 245614
627410 260085
309666 387834
728501 749239
191785 440236
8 4
178982 253946
341982 440232
343815 691662
115008 107662
780383 506966
495979 346664
89235 516558
669186 14190
8 4
905600 606747
352333 621511
471341 824076
849130 268927
257116 337497
329985 136832
474144 935916
850962 202025
8 6
21356 3000
21521 2082
29680 2105
202618 83
29751 2712
258712 54
23361 2164
24016 2347
9 4
95372 566113
61644 875857
238120 226740
954197 56583
881707 61235
227090 237753
499656 108057
82757 652408
441340 122335
10 6
19684 239382
13468 349866
153846 30628
97812 48174
102564 45942
5928 794871
93366 50468
24453 192696
45144 104377
53196 88578
4 3
20136 2937
213324 99
29873 2846
25727 2755
3 2
63492 149814
573426 16588
376623 25256
9 4
3997 366520
11839 46
3648 366949
3752 311446
3122 324814
3259 335998
3090 322864
3439 328261
18446 36
5 2
3405 343435
3517 392702
14344 58
3977 339881
12101 39
6 3
3207 328110
17438 59
17135 22
3300 364084
3429 340078
3036 347801
5 1
13170 47
3770 332176
3287 357338
3054 321131
18761 95
9 4
761366 715149
586710 10056
637728 594726
748481 201546
439341 147066
50029 986284
244219 730934
162956 81777
924510 83705
6 3
22719 2597
27725 2429
22788 2275
242505 25
281902 15
21702 2854
3 2
102069 893576
667211 136698
235142 387878
3 1
236796 7
25099 2260
22639 2517
4 3
20928 2422
24684 2369
26647 2948
222354 5
4 1
760080 420473
364134 549260
639513 88179
111992 684749
8 3
515087 120001
164007 178317
839092 864420
902294 356460
72181 720807
902688 88287
37659 707805
604500 458363
4 1
605659 712752
874332 80214
105562 59163
341686 193588
3 2
28550 2944
265405 12
29985 2509
2 1
26724 2941
288224 59
10 6
15939 467976
26381 282744
72261 103224
17112 435897
643356 11594
127512 58497
84456 88319
911421 8184
8602 867132
35742 208692
2 2
172159 34776
850668 7038
10 4
245903 230835
102769 552336
424444 133735
430597 131824
77867 728974
133159 426280
154519 367353
370690 153128
89773 632295
597210 95047
3 1
302106 207462
301384 207959
110129 569110
10 5
540622 538376
36625 652675
108546 878636
866104 150852
663154 284897
839325 911217
192885 777989
846165 722512
581620 838002
393862 547312
6 1
426406 987737
115525 287394
431537 587375
412530 221815
587633 921637
869186 702774
9 2
57940 699050
86340 469110
972530 41647
108071 374781
226204 179055
113742 356095
293753 137881
944345 42890
270644 149654
5 2
245357 22
23030 2983
28195 2232
246511 16
24793 2439
10 6
3432 377837
3266 389337
3555 377177
3945 328352
3352 391521
3148 364127
19881 90
15999 47
14714 90
3979 357300
10 10
1000000 1000000
1000000 1000000
1000000 1000000
1000000 1000000
1000000 1000000
1000000 1000000
1000000 1000000
1000000 1000000
1000000 1000000
1000000 1000000
10 7
277698 270054
188557 397723
742098 101056
120933 620124
756295 99159
111225 674250
316352 237057
604396 124080
152049 493219
75287 996101
5 1
3279 392774
3215 393112
3448 317440
17332 52
11028 54
8 4
427535 185879
296414 268104
322407 246489
991575 80145
484560 164004
138682 573036
620039 128169
190125 417987
7 1
171804 86673
85167 174842
166225 89582
26398 564087
23160 642952
22469 662725
190829 78032
10 2
3952 310078
3651 394395
3039 315337
3740 336540
3536 332553
3830 322927
3568 347532
10662 73
12490 79
19859 63
9 5
80073 147576
52767 223944
412542 28644
15867 744744
623844 18942
125829 93912
57564 205282
93912 125829
18018 655836
5 2
3812 314930
3555 364837
16087 91
15887 35
3056 373905
2 1
3037 390737
16104 58
10 6
26426 2447
20446 2587
21059 2072
26066 2420
296560 4
218690 50
29698 2126
22626 2972
224110 87
26148 2275
6 1
332972 243630
184102 440636
316228 256530
270430 299974
973304 83347
135050 600681
1 1
1 1
5 2
3586 327180
18588 64
3720 361236
3384 398318
18846 45
9 3
27588 2351
25381 2500
29929 2565
201178 97
29545 2889
210712 82
24308 2859
28218 2359
22838 2469
8 6
125530 184772
66284 349925
64427 360011
30946 749513
324902 71389
248159 93466
753017 30802
79872 290395
9 5
48488 160839
528264 14763
231768 33649
509124 15318
14763 528264
19228 405594
19314 403788
34452 226366
39501 197432
4 1
20608 2387
28398 2495
223838 17
26388 2371
10 3
20410 2109
267292 79
24281 2021
21215 2209
211092 75
23341 2964
29154 2100
21662 2374
292650 47
26046 2591
5 3
334628 67338
552636 40774
995106 22644
405594 55556
66822 337212
9 4
625101 103473
955845 67669
241197 268167
322467 200582
766073 84432
338230 191234
842849 76741
337399 191705
848911 76193
6 1
3240 396687
3207 392734
3335 370925
17975 3
3016 357082
19267 89
4 3
571428 7378
7992 527527
8806 478764
9768 431613
9 5
3575 369708
3178 387768
3962 306072
3591 323676
3551 350572
15207 57
18149 16
3261 302085
3909 357942
7 1
3137 338086
3012 381904
3574 321386
14287 63
12395 48
3056 303060
3268 335966
9 5
144522 92004
428978 30996
302498 43956
329189 40392
188108 70686
161007 82584
92004 144522
213528 62271
618936 21483
2 2
90132 412542
140868 263958
2 2
444276 41106
57018 320292
4 3
294462 24596
17138 422604
16302 444276
729144 9933
4 1
550990 168538
611281 151915
128213 724285
268830 345433
4 2
564303 704763
838227 580344
964996 360235
302798 147658
5 3
26676 2004
22682 2022
25660 2634
241839 75
289699 40
10 6
150696 99789
464646 32364
20677 727272
539028 27898
654472 22977
939393 16008
25668 585858
321678 46748
21924 685906
90132 166842
6 3
14575 80
15075 59
3046 315654
3105 328498
3426 306970
3990 398349
5 1
3089 357553
3877 388530
14417 85
3038 312546
19255 2
10 6
550024 535025
138959 638121
248013 753703
153071 12645
874201 695305
463187 438691
301244 181115
419565 502462
188642 460786
812442 496101
