99
2525 1
2400 5
300 2
120 60
60 90
176884002 2
53311224 3673
144327530 398
830536158 1
804373208 7055
183370131 1
56515899 2680
388881483 1
297919826 1896
1000000000 2
999999998 2
999999997 3
291882987 1
255107924 8511
1000000000 2
12345675 3
12345676 2
227989302 1
52505589 8699
188283325 1
116642175 2215
370662640 1
236415170 3924
715427996 1
223842818 5246
835078380 2
544179116 3019
720736783 6883
285307041 1
248315293 7956
904885565 1
765433468 3560
720070048 1
271376713 955
251415218 1
137027801 1890
745112220 1
136373304 2170
362491842 1
170310929 3543
544019604 1
30041629 615
951911751 1
374897262 5222
1000000000 2
999999996 3
999999997 2
132911917 1
107338836 1063
380836285 1
158439542 6751
808692651 1
224139027 3068
1000000000 2
999999998 3
999999999 2
2 1
1 10000
305857519 1
114039843 5486
997214433 1
536223278 7867
118769915 1
113801401 9506
706846877 1
117758028 2670
267501574 1
24176267 9181
1000000000 2
200 10000
100 10000
407677321 1
372264161 5615
222793271 1
27478121 2381
724333637 1
211079482 4802
918313917 1
821189904 3166
230528972 1
36589946 3602
42662671 1
40022632 5500
1000000000 2
998000000 1
999000000 1
1000000000 1
999999999 1
650269534 1
595328844 289
256374474 1
98683489 5563
238104245 1
169072370 1928
959951329 1
60562127 487
365677576 1
198288486 5255
471466742 1
148777611 731
820889496 1
76586988 171
138879562 1
50974580 1171
910804461 1
248784083 1782
817462261 1
582748751 9333
516896239 1
6940698 2272
1000000000 1
999999999 10000
302731965 1
234148712 9258
835058820 1
598611725 601
987312421 1
435132700 1311
689626489 1
375973601 9665
768621694 1
161769405 3673
295864952 1
95325723 9689
284133555 1
198710235 5674
726282968 1
203398519 6509
996645519 1
878260073 8260
933886207 1
328903420 784
776874482 1
249354964 6745
741735301 1
40718700 5282
842723217 1
167103115 9163
61869968 1
15101759 8594
269945602 1
27993293 4909
983793074 1
437765924 6850
761410016 1
405968907 4658
840821636 1
610193434 7859
166216381 1
72674575 481
449627321 1
336513833 3698
2 1
1 1
486152295 1
242827010 3796
249044954 1
242788981 8156
538082359 1
420791102 5305
222344969 1
140530391 1407
690366000 1
27522827 7013
200000 2
5001 1
5000 4
89777407 1
22717701 5971
418714493 1
250571732 1641
171454683 1
17229670 5439
541225131 1
128671152 8764
706949057 1
549027409 6034
325139000 1
288806513 9543
208485680 1
21694538 9243
939716058 1
608905865 7619
560781536 1
149443046 4185
306522763 1
230382507 7635
1000000000 1
1 10000
1000000000 2
999000000 10000
998000000 10000
980910894 1
439825864 9689
1000000000 1
1 1
1000000000 2
2 2
1 3
399509999 1
347499951 3513
756516616 1
350255591 2342
918053838 1
544763584 9345
